100
1 121
1 109
1 65
303 485
258 670
384 484
396 871
214 946
29 492
21 302
1 9
186 967
1 484
9 484
7 302
483 584
8 122
8 109
8 221
65 484
4 65
4 221
121 302
81 615
81 358
82 585
3 5
3 65
589 786
484 742
384 742
7 221
1 1
1 2
3 109
563 750
272 462
436 801
1 104
7 109
134 904
1 742
303 742
3 122
712 882
8 121
7 484
120 221
57 515
1 485
121 484
579 774
8 10
10 120
1 10
4 10
11 65
3 121
375 541
7 10
303 584
9 10
623 876
300 969
21 121
758 839
65 742
1 1000
164 341
9 302
1 4
17 464
108 435
9 122
4 104
506 663
3 104
100 1000
1 6
1 122
122 1000
21 584
4 122
483 742
244 929
1 101
120 584
21 742
9 121
120 302
478 806
3 10
110 533
122 483
189 387
558 567
1 5
484 584
9 109
975 997
